0.0,0.0,0.0,0.0
-6.109,44.935,-6.109,46.853
-2.71,50.748,-2.71,50.556
0.622,50.748,-2.71,50.748
0.622,50.556,0.622,50.748
-2.71,50.556,0.622,50.556
4.23,-16.587,4.23,-15.408
-14.086,-15.993,-14.086,-15.912
-16.989,3.36,-16.989,2.937
-15.632,2.694,-15.632,2.621
-14.231,11.538,-14.855,11.538
-20.91,50.637,-20.91,50.842
-16.371,50.637,-20.91,50.637
-16.371,50.637,-20.91,50.637
-16.371,50.842,-16.371,50.637
-20.91,50.842,-16.371,50.842
-3.282,22.765,-3.201,22.765
-17.992,-15.993,-17.992,-15.912
-17.992,-15.912,-17.992,-15.993
-20.175,-15.912,-17.992,-15.912
-20.175,-15.993,-20.175,-15.912
-20.175,-15.993,-20.175,-15.993
-20.175,-21.98,-20.175,-15.993
-23.574,-21.98,-20.175,-21.98
-23.574,-21.681,-23.574,-21.98
-23.868,-21.681,-23.574,-21.681
-23.868,-16.241,-23.868,-21.681
-23.471,-16.241,-23.868,-16.241
-23.471,-15.972,-23.471,-16.241
-20.953,-15.972,-23.471,-15.972
-20.953,-15.694,-20.953,-15.972
-21.045,-15.694,-20.953,-15.694
-21.045,-15.89,-21.045,-15.694
-23.471,-15.89,-21.045,-15.89
-23.471,-15.553,-23.471,-15.89
-23.868,-15.553,-23.471,-15.553
-23.868,-10.061,-23.868,-15.553
-23.471,-10.061,-23.868,-10.061
-23.471,-9.784,-23.471,-10.061
-21.045,-9.784,-23.471,-9.784
-21.045,-14.857,-21.045,-9.784
-20.953,-14.857,-21.045,-14.857
-20.953,-14.052,-20.953,-14.857
-15.902,-14.052,-20.953,-14.052
-15.902,-14.052,-15.902,-14.052
-15.902,-14.052,-15.902,-14.052
-15.58,-14.052,-15.902,-14.052
-15.58,-13.971,-15.58,-14.052
-20.984,-13.971,-15.58,-13.971
-20.984,-9.784,-20.984,-13.971
-14.582,-9.784,-20.984,-9.784
-14.582,-13.971,-14.582,-9.784
-14.739,-13.971,-14.582,-13.971
-14.739,-14.052,-14.739,-13.971
-14.502,-14.052,-14.739,-14.052
-14.502,-11.062,-14.502,-14.052
-12.1,-11.062,-14.502,-11.062
-12.1,-13.971,-12.1,-11.062
-13.652,-13.971,-12.1,-13.971
-13.652,-14.052,-13.652,-13.971
-12.04,-14.052,-13.652,-14.052
-12.04,-9.662,-12.04,-14.052
-19.247,-9.662,-12.04,-9.662
-19.247,-3.512,-19.247,-9.662
-17.536,-3.512,-19.247,-3.512
-17.536,-6.226,-17.536,-3.512
-14.086,-6.226,-17.536,-6.226
-14.086,-6.132,-14.086,-6.226
-14.168,-6.132,-14.086,-6.132
-14.168,-6.175,-14.168,-6.132
-17.437,-6.175,-14.168,-6.175
-17.437,-3.512,-17.437,-6.175
-14.168,-3.512,-17.437,-3.512
-14.168,-9.662,-14.168,-3.512
-14.086,-5.283,-14.168,-5.283
-14.086,-3.512,-14.086,-9.662
-14.086,-2.926,-14.086,-3.512
-14.086,-2.926,-14.086,-2.926
-14.086,2.556,-14.086,-2.926
-14.086,2.595,-14.086,2.556
-14.086,2.671,-14.086,2.595
-14.086,2.762,-14.086,2.671
-14.086,7.818,-14.086,2.762
-14.855,7.818,-14.086,7.818
-14.855,8.894,-14.855,7.818
-14.919,8.894,-14.855,8.894
-14.97,8.894,-14.919,8.894
-14.97,7.694,-14.97,8.894
-14.198,7.694,-14.97,7.694
-14.198,4.291,-14.198,7.694
-14.607,4.291,-14.198,4.291
-14.607,3.94,-14.607,4.291
-14.198,3.94,-14.607,3.94
-14.198,2.863,-14.198,3.94
-14.248,2.898,-14.198,2.863
-14.342,2.916,-14.248,2.898
-14.432,2.898,-14.342,2.916
-14.513,2.847,-14.432,2.898
-14.564,2.762,-14.513,2.847
-14.58,2.694,-14.564,2.762
-14.688,2.694,-14.58,2.694
-14.688,2.621,-14.688,2.694
-14.574,2.621,-14.688,2.621
-14.564,2.578,-14.574,2.621
-14.513,2.497,-14.564,2.578
-14.444,2.446,-14.513,2.497
-14.35,2.424,-14.444,2.446
-14.257,2.446,-14.35,2.424
-14.22,2.469,-14.257,2.446
-14.22,-1.193,-14.22,2.469
-14.722,-1.193,-14.22,-1.193
-14.722,-3.365,-14.722,-1.193
-23.471,-3.365,-14.722,-3.365
-23.471,-3.037,-23.471,-3.365
-23.868,-3.037,-23.471,-3.037
-23.868,2.241,-23.868,-3.037
-23.471,2.241,-23.868,2.241
-23.471,2.621,-23.471,2.241
-15.632,2.621,-23.471,2.621
-15.632,2.694,-15.632,2.621
-16.908,2.695,-15.632,2.694
-16.908,6.853,-16.908,2.695
-16.989,6.853,-16.908,6.853
-16.989,2.695,-16.989,6.853
-23.471,2.694,-16.989,2.695
-23.471,2.937,-23.471,2.694
-23.868,2.937,-23.471,2.937
-23.868,8.215,-23.868,2.937
-23.471,8.215,-23.868,8.215
-23.471,8.501,-23.471,8.215
-17.229,8.501,-23.471,8.501
-17.229,7.694,-17.229,8.501
-16.768,7.694,-17.229,7.694
-16.768,7.875,-16.768,7.694
-16.956,7.875,-16.768,7.875
-16.956,8.719,-16.956,7.875
-17.059,8.719,-16.956,8.719
-17.059,8.595,-17.059,8.719
-23.471,8.595,-17.059,8.595
-23.471,8.911,-23.471,8.595
-23.868,8.911,-23.471,8.911
-23.868,11.464,-23.868,8.911
-17.059,11.464,-23.868,11.464
-17.059,9.663,-17.059,11.464
-16.956,9.663,-17.059,9.663
-16.956,11.538,-16.956,9.663
-16.78,11.538,-16.956,11.538
-16.78,11.648,-16.78,11.538
-23.868,11.648,-16.78,11.648
-23.868,14.19,-23.868,11.648
-23.471,14.19,-23.868,14.19
-23.471,14.898,-23.471,14.19
-23.868,14.898,-23.471,14.898
-23.868,17.465,-23.868,14.898
-15.354,17.465,-23.868,17.465
-15.354,17.465,-15.354,17.465
-15.354,17.546,-15.354,17.465
-23.868,17.546,-15.354,17.546
-23.868,20.168,-23.868,17.546
-23.471,20.168,-23.868,20.168
-23.471,20.872,-23.471,20.168
-23.868,20.872,-23.471,20.872
-23.868,23.448,-23.868,20.872
-17.07,23.448,-23.868,23.448
-17.07,22.564,-17.07,23.448
-16.869,22.564,-17.07,22.564
-16.869,22.828,-16.869,22.564
-16.968,22.828,-16.869,22.828
-16.968,23.693,-16.968,22.828
-23.868,23.693,-16.968,23.693
-23.868,26.232,-23.868,23.693
-23.471,26.232,-23.868,26.232
-23.471,26.612,-23.471,26.232
-22.094,26.612,-23.471,26.612
-17.07,26.612,-22.094,26.612
-17.07,24.816,-17.07,26.612
-16.968,24.816,-17.07,24.816
-16.968,26.612,-16.968,24.816
-16.908,26.612,-16.968,26.612
-16.908,27.137,-16.908,26.612
-21.671,27.137,-16.908,27.137
-21.671,27.351,-21.671,27.137
-22.094,27.351,-21.671,27.351
-22.094,32.438,-22.094,27.351
-15.726,32.438,-22.094,32.438
-15.726,32.527,-15.726,32.438
-21.693,32.527,-15.726,32.527
-21.693,32.548,-21.693,32.527
-21.693,32.548,-21.693,32.548
-21.693,33.201,-21.693,32.548
-22.094,33.201,-21.693,33.201
-22.094,38.501,-22.094,33.201
-21.693,38.501,-22.094,38.501
-21.693,39.167,-21.693,38.501
-22.094,39.167,-21.693,39.167
-22.094,41.669,-22.094,39.167
-17.101,41.669,-22.094,41.669
-17.101,40.864,-17.101,41.669
-16.888,40.864,-17.101,40.864
-16.888,40.975,-16.888,40.864
-16.999,40.975,-16.888,40.975
-16.999,41.896,-16.999,40.975
-17.101,41.896,-16.999,41.896
-17.101,41.759,-17.101,41.896
-22.094,41.759,-17.101,41.759
-22.094,44.744,-22.094,41.759
-17.101,44.744,-22.094,44.744
-17.101,43.019,-17.101,44.744
-16.999,43.019,-17.101,43.019
-16.999,44.744,-16.999,43.019
-15.022,44.744,-16.999,44.744
-15.022,43.728,-15.022,44.744
-14.906,43.728,-15.022,43.728
-14.906,44.466,-14.906,43.728
-14.086,44.466,-14.906,44.466
-14.086,44.935,-14.086,44.466
-19.25,44.935,-14.086,44.935
-19.25,48.401,-19.25,44.935
-17.536,48.401,-19.25,48.401
-17.536,46.802,-17.536,48.401
-14.086,46.802,-17.536,46.802
-14.086,46.845,-14.086,46.802
-14.187,46.845,-14.086,46.845
-17.437,46.845,-14.187,46.845
-17.437,48.401,-17.437,46.845
-14.187,48.401,-17.437,48.401
-14.187,44.935,-14.187,48.401
-14.086,47.695,-14.187,47.695
-14.086,48.401,-14.086,44.935
-14.086,48.401,-14.086,48.401
-14.086,48.925,-14.086,48.401
-14.577,48.925,-14.086,48.925
-14.577,48.852,-14.577,48.925
-21.642,48.852,-14.577,48.852
-21.642,49.232,-21.642,48.852
-22.094,49.232,-21.642,49.232
-22.094,53.464,-22.094,49.232
-21.422,53.464,-22.094,53.464
-21.422,53.374,-21.422,53.464
-21.239,53.374,-21.422,53.374
-21.239,51.978,-21.239,53.374
-21.347,51.978,-21.239,51.978
-21.347,51.854,-21.347,51.978
-21.012,51.854,-21.347,51.854
-21.012,51.978,-21.012,51.854
-21.115,51.978,-21.012,51.978
-21.115,53.374,-21.115,51.978
-20.94,53.374,-21.115,53.374
-20.94,53.464,-20.94,53.374
-20.201,53.464,-20.94,53.464
-20.201,51.978,-20.201,53.464
-20.265,51.978,-20.201,51.978
-20.265,51.854,-20.265,51.978
-19.979,51.854,-20.265,51.854
-19.979,51.978,-19.979,51.854
-20.081,51.978,-19.979,51.978
-20.081,53.464,-20.081,51.978
-19.168,53.464,-20.081,53.464
-19.168,51.978,-19.168,53.464
-19.227,51.978,-19.168,51.978
-19.227,51.854,-19.227,51.978
-18.941,51.854,-19.227,51.854
-18.941,51.978,-18.941,51.854
-19.044,51.978,-18.941,51.978
-19.044,53.464,-19.044,51.978
-18.134,53.464,-19.044,53.464
-18.134,51.978,-18.134,53.464
-18.194,51.978,-18.134,51.978
-18.194,51.854,-18.194,51.978
-17.908,51.854,-18.194,51.854
-17.908,51.978,-17.908,51.854
-18.01,51.978,-17.908,51.978
-18.01,53.464,-18.01,51.978
-17.096,53.464,-18.01,53.464
-17.096,51.978,-17.096,53.464
-17.16,51.978,-17.096,51.978
-17.16,51.854,-17.16,51.978
-16.87,51.854,-17.16,51.854
-16.87,51.978,-16.87,51.854
-16.973,51.978,-16.87,51.978
-16.973,53.464,-16.973,51.978
-16.063,53.464,-16.973,53.464
-16.063,51.978,-16.063,53.464
-16.123,51.978,-16.063,51.978
-16.123,51.854,-16.123,51.978
-15.837,51.854,-16.123,51.854
-15.837,51.978,-15.837,51.854
-15.939,51.978,-15.837,51.978
-15.939,53.464,-15.939,51.978
-14.577,53.464,-15.939,53.464
-14.577,51.978,-14.577,53.464
-14.893,51.978,-14.577,51.978
-14.893,51.854,-14.893,51.978
-14.577,51.854,-14.893,51.854
-14.577,50.047,-14.577,51.854
-14.028,50.047,-14.577,50.047
-14.028,53.374,-14.028,50.047
-13.829,53.374,-14.028,53.374
-13.829,53.464,-13.829,53.374
-14.028,53.464,-13.829,53.464
-14.028,53.625,-14.028,53.464
-14.797,53.625,-14.028,53.625
-14.797,55.667,-14.797,53.625
-12.484,55.667,-14.797,55.667
-12.484,53.464,-12.484,55.667
-12.886,53.464,-12.484,53.464
-12.886,53.374,-12.886,53.464
-12.484,53.374,-12.886,53.374
-12.484,50.829,-12.484,53.374
-12.096,50.829,-12.484,50.829
-12.096,55.913,-12.096,50.829
-12.096,55.913,-12.096,55.913
-15.076,55.913,-12.096,55.913
-15.076,53.977,-15.076,55.913
-22.483,53.977,-15.076,53.977
-22.483,48.369,-22.483,53.977
-19.545,48.369,-22.483,48.369
-19.545,45.113,-19.545,48.369
-22.483,45.113,-19.545,45.113
-22.483,42.015,-22.483,45.113
-22.607,42.015,-22.483,42.015
-22.607,41.618,-22.607,42.015
-22.483,41.618,-22.607,41.618
-22.483,36.114,-22.483,41.618
-22.607,36.114,-22.483,36.114
-22.607,35.712,-22.607,36.114
-22.483,35.712,-22.607,35.712
-22.483,30.139,-22.483,35.712
-22.607,30.139,-22.483,30.139
-22.607,29.738,-22.607,30.139
-22.483,29.738,-22.607,29.738
-22.483,27.096,-22.483,29.738
-24.27,27.096,-22.483,27.096
-24.27,23.764,-24.27,27.096
-24.393,23.764,-24.27,23.764
-24.393,23.375,-24.393,23.764
-24.27,23.375,-24.393,23.375
-24.27,17.87,-24.27,23.375
-24.393,17.87,-24.27,17.87
-24.393,17.469,-24.393,17.87
-24.27,17.469,-24.393,17.469
-24.27,11.926,-24.27,17.469
-24.393,11.926,-24.27,11.926
-24.393,11.525,-24.393,11.926
-24.27,11.525,-24.393,11.525
-24.27,5.939,-24.27,11.525
-24.393,5.939,-24.27,5.939
-24.393,5.542,-24.393,5.939
-24.27,5.542,-24.393,5.542
-24.27,-0.035,-24.27,5.542
-24.393,-0.035,-24.27,-0.035
-24.393,-0.424,-24.393,-0.035
-24.27,-0.424,-24.393,-0.424
-24.27,-3.677,-24.27,-0.424
-19.545,-3.677,-24.27,-3.677
-19.545,-9.593,-19.545,-3.677
-24.27,-9.593,-19.545,-9.593
-24.27,-12.976,-24.27,-9.593
-24.393,-12.976,-24.27,-12.976
-24.393,-13.378,-24.393,-12.976
-24.27,-13.378,-24.393,-13.378
-24.27,-18.811,-24.27,-13.378
-24.393,-18.811,-24.27,-18.811
-24.393,-19.213,-24.393,-18.811
-24.27,-19.213,-24.393,-19.213
-24.27,-22.369,-24.27,-19.213
-17.528,-22.369,-24.27,-22.369
-17.528,-22.471,-17.528,-22.369
-17.126,-22.471,-17.528,-22.471
-17.126,-22.369,-17.126,-22.471
-14.504,-22.369,-17.126,-22.369
-14.504,-23.381,-14.504,-22.369
-11.122,-23.381,-14.504,-23.381
-11.122,-22.369,-11.122,-23.381
-9.123,-22.369,-11.122,-22.369
-9.123,-23.381,-9.123,-22.369
-5.741,-23.381,-9.123,-23.381
-5.741,-22.369,-5.741,-23.381
-3.107,-22.369,-5.741,-22.369
-3.107,-22.471,-3.107,-22.369
-2.71,-22.471,-3.107,-22.471
-2.71,-22.369,-2.71,-22.471
4.23,-22.369,-2.71,-22.369
4.23,-19.191,4.23,-22.369
4.324,-19.191,4.23,-19.191
4.324,-18.79,4.324,-19.191
4.23,-18.79,4.324,-18.79
4.23,-12.879,4.23,-18.79
4.324,-12.879,4.23,-12.879
4.324,-12.478,4.324,-12.879
4.23,-12.478,4.324,-12.478
4.23,-9.593,4.23,-12.478
-0.515,-9.593,4.23,-9.593
-0.515,-9.271,-0.515,-9.593
-0.946,-9.271,-0.515,-9.271
-0.946,-9.63,-0.946,-9.271
-8.056,-9.63,-0.946,-9.63
-8.056,-10.575,-8.056,-9.63
-8.107,-10.575,-8.056,-10.575
-8.107,-10.695,-8.107,-10.575
-7.936,-10.695,-8.107,-10.695
-7.936,-9.784,-7.936,-10.695
-5.916,-9.784,-7.936,-9.784
-5.916,-10.437,-5.916,-9.784
-5.879,-10.437,-5.916,-10.437
-5.879,-10.539,-5.879,-10.437
-5.776,-10.539,-5.879,-10.539
-5.776,-10.437,-5.776,-10.539
-5.566,-10.437,-5.776,-10.437
-5.566,-9.922,-5.566,-10.437
3.344,-9.922,-14.582,-9.922
3.344,-10.251,3.344,-9.922
3.833,-10.251,3.344,-10.251
3.833,-15.604,3.833,-10.251
3.453,-15.604,3.833,-15.604
3.453,-16.309,3.453,-15.604
3.833,-16.309,3.453,-16.309
3.833,-21.66,3.833,-16.309
3.453,-21.66,3.833,-21.66
3.453,-21.98,3.453,-21.66
-5.776,-21.98,3.453,-21.98
-5.776,-16.083,-5.776,-21.98
-5.741,-16.036,-5.776,-16.083
-5.72,-15.942,-5.741,-16.036
-5.741,-15.839,-5.72,-15.942
-5.776,-15.797,-5.741,-15.839
-5.776,-12.282,-5.776,-15.797
-5.879,-12.282,-5.776,-12.282
-5.879,-13.218,-5.879,-12.282
-9.072,-13.218,-5.879,-13.218
-9.072,-13.414,-9.072,-13.218
-5.879,-13.414,-9.072,-13.414
-5.879,-15.706,-5.879,-13.414
-5.976,-15.685,-5.879,-15.706
-5.976,-15.685,-5.976,-15.685
-6.07,-15.707,-5.976,-15.685
-6.151,-15.767,-6.07,-15.707
-6.203,-15.839,-6.151,-15.767
-6.224,-15.942,-6.203,-15.839
-6.203,-16.036,-6.224,-15.942
-6.151,-16.117,-6.203,-16.036
-6.07,-16.168,-6.151,-16.117
-5.976,-16.189,-6.07,-16.168
-5.879,-16.169,-5.976,-16.189
-5.879,-21.672,-5.879,-16.169
-6.519,-21.672,-5.879,-21.672
-6.519,-22.266,-6.519,-21.672
-6.143,-22.266,-6.519,-22.266
-6.143,-22.984,-6.143,-22.266
-8.846,-22.984,-6.143,-22.984
-8.846,-22.01,-8.846,-22.984
-9.958,-22.01,-8.846,-22.01
-9.958,-13.441,-9.958,-22.01
-9.85,-13.441,-9.958,-13.441
-9.85,-13.218,-9.85,-13.441
-9.958,-13.218,-9.85,-13.218
-9.958,-10.695,-9.958,-13.218
-9.85,-10.695,-9.958,-10.695
-9.85,-10.575,-9.85,-10.695
-10.242,-10.575,-9.85,-10.575
-10.242,-10.695,-10.242,-10.575
-10.058,-10.695,-10.242,-10.695
-10.058,-15.912,-10.058,-10.695
-13.308,-15.912,-10.058,-15.912
-13.308,-15.993,-13.308,-15.912
-10.058,-15.993,-13.308,-15.993
-10.058,-22.01,-10.058,-15.993
-11.4,-22.01,-10.058,-22.01
-11.4,-22.984,-11.4,-22.01
-14.103,-22.984,-11.4,-22.984
-14.103,-22.253,-14.103,-22.984
-13.881,-22.253,-14.103,-22.253
-13.881,-21.374,-13.881,-22.253
-14.157,-21.374,-13.881,-21.374
-14.157,-16.102,-14.157,-21.374
-14.116,-16.036,-14.157,-16.102
-14.094,-15.942,-14.116,-16.036
-14.116,-15.848,-14.094,-15.942
-14.167,-15.767,-14.116,-15.848
-14.248,-15.707,-14.167,-15.767
-14.342,-15.685,-14.248,-15.707
-14.444,-15.707,-14.342,-15.685
-14.526,-15.767,-14.444,-15.707
-14.577,-15.839,-14.526,-15.767
-14.592,-15.912,-14.577,-15.839
-16.284,-15.912,-14.592,-15.912
-16.386,-15.912,-16.284,-15.912
-16.386,-15.993,-16.386,-15.912
-14.586,-15.993,-16.386,-15.993
-14.577,-16.036,-14.586,-15.993
-14.526,-16.117,-14.577,-16.036
-14.444,-16.168,-14.526,-16.117
-14.444,-16.168,-14.526,-16.117
-14.342,-16.189,-14.444,-16.168
-14.248,-16.168,-14.342,-16.189
-14.248,-16.168,-14.248,-16.168
-14.227,-16.155,-14.248,-16.168
-14.227,-21.374,-14.227,-16.155
-14.513,-21.374,-14.227,-21.374
-14.513,-21.98,-14.513,-21.374
-17.163,-21.98,-14.513,-21.98
-17.163,-15.912,-17.163,-21.98
-17.214,-15.912,-17.163,-15.912
-17.214,-21.98,-17.214,-15.912
-20.103,-21.98,-17.214,-21.98
-20.103,-15.993,-20.103,-21.98
-17.992,-15.993,-20.103,-15.993
-5.748,30.3,-5.748,30.214
-14.168,-6.175,-14.168,-6.132
-14.335,38.881,-14.241,38.9
-14.417,38.821,-14.335,38.881
-14.468,38.748,-14.417,38.821
-14.489,38.646,-14.468,38.748
-14.468,38.552,-14.489,38.646
-14.417,38.471,-14.468,38.552
-14.335,38.42,-14.417,38.471
-14.241,38.398,-14.335,38.42
-14.241,34.311,-14.241,38.398
-14.425,34.311,-14.241,34.311
-14.425,33.953,-14.425,34.311
-14.241,33.953,-14.425,33.953
-14.241,32.913,-14.241,33.953
-14.323,32.894,-14.241,32.913
-14.404,32.842,-14.323,32.894
-14.455,32.761,-14.404,32.842
-14.476,32.672,-14.455,32.761
-14.455,32.578,-14.476,32.672
-14.429,32.541,-14.455,32.578
-14.782,32.541,-14.429,32.541
-14.782,32.438,-14.782,32.541
-14.782,32.477,-14.782,32.438
-14.782,32.438,-14.782,32.477
-14.303,32.438,-14.782,32.438
-14.241,32.424,-14.303,32.438
-14.241,29.4,-14.241,32.424
-14.425,29.4,-14.241,29.4
-14.425,29.166,-14.425,29.4
-14.241,29.166,-14.425,29.166
-14.241,27.443,-14.241,29.166
-14.323,27.423,-14.241,27.443
-14.404,27.372,-14.323,27.423
-14.455,27.299,-14.404,27.372
-14.476,27.206,-14.455,27.299
-14.46,27.137,-14.476,27.206
-16.058,27.137,-14.46,27.137
-16.058,26.612,-16.058,27.137
-15.002,26.612,-16.058,26.612
-15.002,25.562,-15.002,26.612
-14.866,25.562,-15.002,25.562
-14.866,25.562,-14.866,25.562
-14.866,26.612,-14.866,25.562
-14.476,26.612,-14.866,26.612
-14.455,26.51,-14.476,26.612
-14.404,26.437,-14.455,26.51
-14.335,26.386,-14.404,26.437
-14.241,26.369,-14.335,26.386
-14.147,26.377,-14.241,26.369
-14.066,26.437,-14.147,26.377
-14.015,26.51,-14.066,26.437
-13.994,26.603,-14.015,26.51
-14.006,26.693,-13.994,26.603
-14.241,26.369,-14.335,26.386
-14.147,26.377,-14.241,26.369
-14.066,26.437,-14.147,26.377
-14.015,26.51,-14.066,26.437
-13.994,26.603,-14.015,26.51
-14.006,26.693,-13.994,26.603
-14.066,26.778,-14.006,26.693
-14.086,26.786,-14.066,26.778
-14.086,26.956,-14.086,26.786
-14.066,27.035,-14.086,26.956
-14.015,27.103,-14.066,27.035
-13.994,27.197,-14.015,27.103
-14.006,27.291,-13.994,27.197
-14.066,27.372,-14.006,27.291
-14.086,27.379,-14.066,27.372
-14.086,32.475,-14.086,27.379
-14.066,32.496,-14.086,32.475
-14.015,32.578,-14.066,32.496
-13.994,32.672,-14.015,32.578
-14.006,32.761,-13.994,32.672
-14.066,32.842,-14.006,32.761
-14.086,32.888,-14.066,32.842
-14.086,38.425,-14.086,32.888
-14.058,38.471,-14.086,38.425
-14.006,38.552,-14.058,38.471
-13.985,38.646,-14.006,38.552
-14.006,38.736,-13.985,38.646
-14.058,38.821,-14.006,38.736
-14.086,38.875,-14.058,38.821
-14.086,40.975,-14.086,38.875
-14.906,40.975,-14.086,40.975
-14.906,41.93,-14.906,40.975
-15.022,41.93,-14.906,41.93
-15.022,40.975,-15.022,41.93
-15.243,40.975,-15.022,40.975
-15.243,40.864,-15.243,40.975
-14.241,40.864,-15.243,40.864
-14.241,38.9,-14.241,40.864
-16.058,26.612,-16.058,26.655
-16.908,26.612,-16.908,26.655
-16.908,26.655,-16.908,26.612
-14.248,8.412,-14.167,8.463
-14.248,8.412,-14.248,8.412
-14.35,8.39,-14.248,8.412
-14.444,8.412,-14.35,8.39
-14.526,8.463,-14.444,8.412
-14.577,8.544,-14.526,8.463
-14.598,8.646,-14.577,8.544
-14.577,8.74,-14.598,8.646
-14.526,8.821,-14.577,8.74
-14.444,8.873,-14.526,8.821
-14.342,8.894,-14.444,8.873
-14.248,8.873,-14.342,8.894
-14.167,8.821,-14.248,8.873
-14.116,8.74,-14.167,8.821
-14.094,8.638,-14.116,8.74
-14.116,8.544,-14.094,8.638
-14.167,8.463,-14.116,8.544
-14.086,-15.912,-14.094,-15.912
-14.086,-15.993,-14.086,-15.912
-14.103,-15.993,-14.086,-15.993
-14.866,22.679,-14.866,23.764
-14.086,22.679,-14.866,22.679
-14.086,20.743,-14.086,22.679
-14.056,20.697,-14.086,20.743
-14.005,20.629,-14.056,20.697
-13.984,20.535,-14.005,20.629
-14.005,20.441,-13.984,20.535
-14.056,20.36,-14.005,20.441
-14.086,20.315,-14.056,20.36
-14.086,20.309,-14.086,20.315
-14.005,20.309,-14.086,20.309
-14.005,20.236,-14.005,20.309
-14.086,20.236,-14.005,20.236
-14.086,14.833,-14.086,20.236
-14.056,14.787,-14.086,14.833
-14.005,14.702,-14.056,14.787
-13.984,14.612,-14.005,14.702
-14.005,14.518,-13.984,14.612
-14.056,14.437,-14.005,14.518
-14.086,14.392,-14.056,14.437
-14.086,11.538,-14.086,14.392
-14.855,11.538,-14.086,11.538
-14.855,10.692,-14.855,11.538
-14.97,10.692,-14.855,10.692
-14.97,11.538,-14.97,10.692
-15.837,11.538,-14.97,11.538
-15.837,11.648,-15.837,11.538
-15.726,11.648,-15.837,11.648
-15.726,11.648,-15.726,11.648
-15.726,11.648,-15.726,11.648
-14.231,11.648,-15.726,11.648
-14.231,14.365,-14.231,11.648
-14.325,14.386,-14.231,14.365
-14.394,14.437,-14.325,14.386
-14.445,14.518,-14.394,14.437
-14.466,14.612,-14.445,14.518
-14.445,14.702,-14.466,14.612
-14.394,14.787,-14.445,14.702
-14.313,14.839,-14.394,14.787
-14.231,14.846,-14.313,14.839
-14.231,16.085,-14.231,14.846
-14.488,16.085,-14.231,16.085
-14.488,16.436,-14.488,16.085
-14.231,16.436,-14.488,16.436
-14.231,20.288,-14.231,16.436
-14.325,20.309,-14.231,20.288
-14.394,20.36,-14.325,20.309
-14.445,20.441,-14.394,20.36
-14.466,20.535,-14.445,20.441
-14.445,20.629,-14.466,20.535
-14.394,20.697,-14.445,20.629
-14.313,20.762,-14.394,20.697
-14.231,20.769,-14.313,20.762
-14.231,22.337,-14.231,20.769
-14.644,22.337,-14.231,22.337
-14.644,22.643,-14.644,22.337
-15.071,22.643,-14.644,22.643
-15.071,22.763,-15.071,22.643
-15.002,22.763,-15.071,22.763
-15.002,23.764,-15.002,22.763
-14.866,23.764,-15.002,23.764
-14.982,23.764,-14.866,23.764
-2.624,53.464,-2.983,53.464
-2.624,52.021,-2.624,53.464
-3.192,52.021,-2.624,52.021
-3.192,51.905,-3.192,52.021
-2.389,51.905,-3.192,51.905
-2.389,52.021,-2.389,51.905
-2.513,52.021,-2.389,52.021
-2.513,53.464,-2.513,52.021
-1.561,53.464,-2.513,53.464
-1.561,52.021,-1.561,53.464
-1.642,52.021,-1.561,52.021
-1.642,51.905,-1.642,52.021
-1.364,51.905,-1.642,51.905
-1.364,52.021,-1.364,51.905
-1.437,52.021,-1.364,52.021
-1.437,53.464,-1.437,52.021
-1.133,53.464,-1.437,53.464
-0.514,53.464,-1.133,53.464
-0.514,52.021,-0.514,53.464
-0.617,52.021,-0.514,52.021
-0.617,51.905,-0.617,52.021
-0.404,51.905,-0.617,51.905
-0.404,53.464,-0.404,51.905
2.018,53.464,-0.404,53.464
2.018,49.1,2.018,53.464
1.719,49.1,2.018,49.1
1.719,48.874,1.719,49.1
-5.669,48.874,1.719,48.874
-5.669,48.984,-5.669,48.874
-6.208,48.984,-5.669,48.984
-6.208,48.401,-6.208,48.984
-6.208,47.755,-6.208,48.401
-6.126,47.755,-6.208,47.755
-6.126,48.401,-6.126,47.755
-2.782,48.401,-6.126,48.401
-2.782,46.905,-2.782,48.401
-6.208,46.905,-2.782,46.905
-6.208,46.853,-6.208,46.905
-2.683,46.853,-6.208,46.853
-2.683,48.401,-2.683,46.853
-0.852,48.401,-2.683,48.401
-0.852,44.935,-0.852,48.401
-6.109,44.935,-0.852,44.935
-6.109,44.496,-6.109,44.935
-5.131,44.496,-6.109,44.496
-5.131,43.719,-5.131,44.496
-5.007,43.719,-5.131,43.719
-5.007,44.744,-5.007,43.719
-3.05,44.744,-5.007,44.744
-3.05,42.805,-3.05,44.744
-2.947,42.805,-3.05,42.805
-2.947,44.744,-2.947,42.805
1.74,44.744,-2.947,44.744
1.74,44.364,1.74,44.744
2.039,44.364,1.74,44.364
2.039,41.74,2.039,44.364
-2.947,41.74,2.039,41.74
-2.947,41.853,-2.947,41.74
-3.05,41.853,-2.947,41.853
-3.05,40.623,-3.05,41.853
-2.947,40.623,-3.05,40.623
-2.947,41.648,-2.947,40.623
2.039,41.648,-2.947,41.648
2.039,39.128,2.039,41.648
1.74,39.128,2.039,39.128
1.74,38.656,1.74,39.128
-2.947,38.656,1.74,38.656
-2.947,39.876,-2.947,38.656
-3.05,39.876,-2.947,39.876
-3.05,38.596,-3.05,39.876
1.74,38.596,-3.05,38.596
1.74,38.411,1.74,38.596
2.039,38.411,1.74,38.411
2.039,33.338,2.039,38.411
1.89,33.338,2.039,33.338
1.74,33.338,1.89,33.338
1.74,32.689,1.74,33.338
2.039,32.689,1.74,32.689
2.039,29.781,2.039,32.689
1.424,29.781,2.039,29.781
1.424,30.3,1.424,29.781
-4.804,30.297,1.424,30.3
-4.804,30.211,-4.804,30.297
1.339,30.214,-4.804,30.211
1.339,29.699,1.339,30.214
2.039,29.699,1.339,29.699
2.039,27.278,2.039,29.699
1.74,27.278,2.039,27.278
1.74,27.167,1.74,27.278
-5.601,27.167,1.74,27.167
-5.594,27.206,-5.601,27.167
-5.611,27.299,-5.594,27.206
-5.662,27.372,-5.611,27.299
-5.748,27.423,-5.662,27.372
-5.829,27.443,-5.748,27.423
-5.829,30.214,-5.829,27.443
-5.748,30.214,-5.829,30.214
-5.748,30.3,-5.748,30.214
-5.829,30.3,-5.748,30.3
-5.829,32.426,-5.829,30.3
-5.748,32.445,-5.829,32.426
-5.662,32.505,-5.748,32.445
-5.611,32.578,-5.662,32.505
-5.594,32.672,-5.611,32.578
-5.611,32.761,-5.594,32.672
-5.662,32.842,-5.611,32.761
-5.748,32.894,-5.662,32.842
-5.829,32.913,-5.748,32.894
-5.829,33.94,-5.829,32.913
-5.675,33.94,-5.829,33.94
-5.675,34.29,-5.675,33.94
-5.829,34.29,-5.675,34.29
-5.829,38.412,-5.829,34.29
-5.748,38.42,-5.829,38.412
-5.662,38.479,-5.748,38.42
-5.611,38.552,-5.662,38.479
-5.594,38.646,-5.611,38.552
-5.611,38.736,-5.594,38.646
-5.662,38.821,-5.611,38.736
-5.748,38.872,-5.662,38.821
-5.829,38.888,-5.748,38.872
-5.829,40.068,-5.829,38.888
-5.537,40.068,-5.829,40.068
-5.537,40.82,-5.537,40.068
-5.007,40.82,-5.537,40.82
-5.007,40.922,-5.007,40.82
-5.007,41.925,-5.007,40.922
-5.131,41.925,-5.007,41.925
-5.131,40.939,-5.131,41.925
-5.985,40.939,-5.131,40.939
-5.985,38.867,-5.985,40.939
-6.013,38.821,-5.985,38.867
-6.064,38.736,-6.013,38.821
-6.072,38.646,-6.064,38.736
-6.064,38.552,-6.072,38.646
-6.004,38.471,-6.064,38.552
-5.985,38.426,-6.004,38.471
-5.985,32.888,-5.985,38.426
-6.013,32.842,-5.985,32.888
-6.064,32.761,-6.013,32.842
-6.072,32.672,-6.064,32.761
-6.064,32.578,-6.072,32.672
-6.004,32.496,-6.064,32.578
-5.985,32.451,-6.004,32.496
-5.985,27.418,-5.985,32.451
-6.013,27.372,-5.985,27.418
-6.064,27.291,-6.013,27.372
-6.072,27.197,-6.064,27.291
-6.064,27.103,-6.072,27.197
-6.004,27.035,-6.064,27.103
-5.985,26.99,-6.004,27.035
-5.985,26.824,-5.985,26.99
-6.013,26.778,-5.985,26.824
-6.064,26.693,-6.013,26.778
-6.072,26.603,-6.064,26.693
-6.064,26.51,-6.072,26.603
-6.004,26.437,-6.064,26.51
-5.931,26.386,-6.004,26.437
-5.837,26.369,-5.931,26.386
-5.748,26.386,-5.837,26.369
-5.662,26.437,-5.748,26.386
-5.611,26.51,-5.662,26.437
-5.594,26.612,-5.611,26.51
-5.31,26.612,-5.594,26.612
-5.31,25.463,-5.31,26.612
-5.186,25.463,-5.31,25.463
-5.186,26.612,-5.186,25.463
-3.201,26.612,-5.186,26.612
-3.201,24.861,-3.201,26.612
-2.979,24.861,-3.201,24.861
-2.979,26.612,-2.979,24.861
2.039,26.612,-2.979,26.612
3.833,26.612,2.039,26.612
3.833,23.751,3.833,26.612
-2.979,23.751,3.833,23.751
-2.979,23.917,-2.979,23.751
-3.201,23.917,-2.979,23.917
-3.201,22.926,-3.201,23.917
-3.282,22.926,-3.201,22.926
-3.282,22.765,-3.282,22.926
-3.098,22.765,-3.282,22.765
-3.098,23.559,-3.098,22.765
3.833,23.559,-3.098,23.559
3.833,20.924,3.833,23.559
3.431,20.924,3.833,20.924
3.431,20.219,3.431,20.924
3.833,20.219,3.431,20.219
3.833,17.722,3.833,20.219
-3.183,17.722,3.833,17.722
-3.183,17.465,-3.183,17.722
3.833,17.465,-3.183,17.465
3.833,14.979,3.833,17.465
3.431,14.979,3.833,14.979
3.431,14.253,3.431,14.979
3.833,14.253,3.431,14.253
3.833,11.648,3.833,14.253
-5.432,11.648,3.833,11.648
-5.432,14.367,-5.432,11.648
-5.351,14.386,-5.432,14.367
-5.265,14.437,-5.351,14.386
-5.214,14.518,-5.265,14.437
-5.197,14.612,-5.214,14.518
-5.214,14.702,-5.197,14.612
-5.265,14.787,-5.214,14.702
-5.351,14.839,-5.265,14.787
-5.432,14.846,-5.351,14.839
-5.432,15.915,-5.432,14.846
-5.163,15.915,-5.432,15.915
-5.163,16.26,-5.163,15.915
-5.432,16.26,-5.163,16.26
-5.432,17.465,-5.432,16.26
-4.982,17.465,-5.432,17.465
-4.982,17.722,-4.982,17.465
-5.432,17.722,-4.982,17.722
-5.432,20.29,-5.432,17.722
-5.351,20.309,-5.432,20.29
-5.265,20.36,-5.351,20.309
-5.214,20.441,-5.265,20.36
-5.197,20.535,-5.214,20.441
-5.214,20.629,-5.197,20.535
-5.265,20.697,-5.214,20.629
-5.351,20.762,-5.265,20.697
-5.432,20.769,-5.351,20.762
-5.432,22.765,-5.432,20.769
-5.08,22.765,-5.432,22.765
-5.08,22.909,-5.08,22.765
-5.186,22.909,-5.08,22.909
-5.186,23.665,-5.186,22.909
-5.31,23.665,-5.186,23.665
-5.31,22.926,-5.31,23.665
-5.543,22.926,-5.31,22.926
-5.543,20.743,-5.543,22.926
-5.615,20.697,-5.543,20.743
-5.667,20.629,-5.615,20.697
-5.675,20.535,-5.667,20.629
-5.667,20.441,-5.675,20.535
-5.607,20.36,-5.667,20.441
-5.543,20.315,-5.607,20.36
-5.543,14.833,-5.543,20.315
-5.615,14.787,-5.543,14.833
-5.667,14.702,-5.615,14.787
-5.675,14.612,-5.667,14.702
-5.667,14.518,-5.675,14.612
-5.607,14.437,-5.667,14.518
-5.543,14.392,-5.607,14.437
-5.543,11.538,-5.543,14.392
-5.31,11.538,-5.543,11.538
-5.31,10.769,-5.31,11.538
-5.186,10.769,-5.31,10.769
-5.186,11.529,-5.186,10.769
-3.201,11.529,-5.186,11.529
-3.201,9.599,-3.201,11.529
-2.919,9.599,-3.201,9.599
-2.919,11.509,-2.919,9.599
3.833,11.509,-2.919,11.509
3.833,9.005,3.833,11.509
3.453,9.005,3.833,9.005
3.453,8.655,3.453,9.005
-3.201,8.655,3.453,8.655
-3.201,7.869,-3.201,8.655
-3.269,7.869,-3.201,7.869
-3.269,7.754,-3.269,7.869
-3.098,7.754,-3.269,7.754
-3.098,8.533,-3.098,7.754
3.453,8.533,-3.098,8.533
3.453,8.237,3.453,8.533
3.833,8.237,3.453,8.237
3.833,3.052,3.833,8.237
3.474,3.052,3.833,3.052
3.474,2.681,3.474,3.052
-3.824,2.681,3.474,2.681
-3.824,2.581,-3.824,2.681
3.474,2.581,-3.824,2.581
3.474,2.271,3.474,2.581
3.833,2.271,3.474,2.271
3.833,-2.935,3.833,2.271
3.453,-2.935,3.833,-2.935
3.453,-3.345,3.453,-2.935
-5.669,-3.345,3.453,-3.345
-5.669,-2.926,-5.669,-3.345
-5.786,-2.926,-5.669,-2.926
-5.786,2.521,-5.786,-2.926
-5.75,2.578,-5.786,2.521
-5.75,2.581,-5.75,2.578
-4.768,2.581,-5.75,2.581
-4.768,2.681,-4.768,2.581
-5.735,2.681,-4.768,2.681
-5.75,2.762,-5.735,2.681
-5.786,2.822,-5.75,2.762
-5.786,4.013,-5.786,2.822
-5.699,4.013,-5.786,4.013
-5.699,4.363,-5.699,4.013
-5.786,4.363,-5.699,4.363
-5.786,7.754,-5.786,4.363
-5.244,7.754,-5.786,7.754
-5.067,7.754,-5.244,7.754
-5.067,7.869,-5.067,7.754
-5.186,7.869,-5.067,7.869
-5.186,8.971,-5.186,7.869
-5.31,8.971,-5.186,8.971
-5.31,7.869,-5.31,8.971
-5.985,7.869,-5.31,7.869
-5.985,2.914,-5.985,7.869
-5.985,2.914,-5.985,2.914
-6.07,2.898,-5.985,2.914
-6.151,2.847,-6.07,2.898
-6.203,2.762,-6.151,2.847
-6.211,2.672,-6.203,2.762
-6.203,2.578,-6.211,2.672
-6.143,2.497,-6.203,2.578
-6.07,2.446,-6.143,2.497
-6.07,2.446,-6.07,2.446
-5.985,2.426,-6.07,2.446
-5.985,2.426,-5.985,2.426
-5.985,-2.926,-5.985,2.426
-6.262,-2.926,-5.985,-2.926
-6.262,-3.499,-6.262,-2.926
-0.946,-3.499,-6.262,-3.499
-0.946,-3.499,-0.946,-3.499
-0.946,-9.271,-0.946,-3.499
-0.515,-3.857,-0.946,-3.857
-0.515,-3.677,-0.516,-9.271
4.23,-3.677,-0.515,-3.677
4.23,-0.403,4.23,-3.677
4.324,-0.403,4.23,-0.403
4.324,-0.014,4.324,-0.403
4.23,-0.014,4.324,-0.014
4.23,5.593,4.23,-0.014
4.345,5.593,4.23,5.593
4.345,5.99,4.345,5.593
4.23,5.99,4.345,5.99
4.23,11.46,4.23,5.99
4.345,11.46,4.23,11.46
4.345,11.862,4.345,11.46
4.23,11.862,4.345,11.862
4.23,17.533,4.23,11.862
4.345,17.533,4.23,17.533
4.345,17.922,4.345,17.533
4.23,17.922,4.345,17.922
4.23,23.516,4.23,17.922
4.345,23.516,4.23,23.516
4.345,23.917,4.345,23.516
4.23,23.917,4.345,23.917
4.23,27.096,4.23,23.917
2.435,27.096,4.23,27.096
2.435,29.699,2.435,27.096
2.56,29.699,2.435,29.699
2.56,30.096,2.56,29.699
2.435,30.096,2.56,30.096
2.435,35.652,2.435,30.096
2.56,35.652,2.435,35.652
2.56,36.054,2.56,35.652
2.436,36.054,2.56,36.054
2.436,41.575,2.436,36.054
2.56,41.575,2.436,41.575
2.56,41.977,2.56,41.575
2.435,41.977,2.56,41.977
2.435,45.113,2.435,41.977
-0.503,45.113,2.435,45.113
-0.503,48.369,-0.503,45.113
2.435,48.369,-0.503,48.369
2.435,53.977,2.435,48.369
-4.98,53.977,2.435,53.977
-4.98,55.913,-4.98,53.977
-8.018,55.913,-4.98,55.913
-8.018,55.913,-8.018,55.913
-8.018,50.829,-8.018,55.913
-7.616,50.829,-8.018,50.829
-7.616,53.551,-7.616,50.829
-7.266,53.551,-7.616,53.551
-7.266,53.836,-7.266,53.551
-7.616,53.836,-7.266,53.836
-7.616,55.578,-7.616,53.836
-5.383,55.578,-7.616,55.578
-5.383,53.836,-5.383,55.578
-6.224,53.836,-5.383,53.836
-6.224,53.551,-6.224,53.836
-6.208,53.551,-6.224,53.551
-6.208,51.83,-6.208,53.551
-5.968,51.83,-6.208,51.83
-5.968,53.69,-5.968,51.83
-5.383,53.69,-5.968,53.69
-5.383,53.464,-5.383,53.69
-4.156,53.464,-5.383,53.464
-4.156,50.826,-4.156,53.464
-5.968,50.826,-4.156,50.826
-5.968,50.877,-5.968,50.826
-6.208,50.877,-5.968,50.877
-6.208,50.031,-6.208,50.877
-5.669,50.031,-6.208,50.031
-5.669,50.685,-5.669,50.031
-4.015,50.685,-5.669,50.685
-4.015,51.905,-4.015,50.685
-3.939,51.905,-4.015,51.905
-3.939,52.021,-3.939,51.905
-4.015,52.021,-3.939,52.021
-4.015,53.464,-4.015,52.021
-2.624,53.464,-4.015,53.464
